# Written at 2023-08-25T11:36:33
      0.00000000     -6.61023200
      0.06804138     -6.78149697
      0.13608276     -7.16126536
      0.20412415     -7.58540417
      0.27216553     -7.98866136
      0.34020691     -8.34165472
      0.40824829     -8.61962831
      0.47628967     -8.81562886
      0.54433105     -8.93663538
      0.61237244     -8.97910502
      0.67665487     -8.94091016
      0.74093731     -8.83057575
      0.80521974     -8.65415611
      0.86950217     -8.40834283
      0.93378461     -8.08337203
      0.99806704     -7.68111495
      1.06234948     -7.21856562
      1.12663191     -6.70569937
      1.19091435     -6.13421734
      1.25519678     -5.49696823
      1.31947922     -4.80530506
      1.38159222     -5.00746190
      1.44370522     -5.17318458
      1.50581822     -5.29972408
      1.56793121     -5.38734522
      1.63004421     -5.43129989
      1.69215721     -5.42748309
      1.75427021     -5.38257205
      1.81638321     -5.30776506
      1.87849621     -5.20404891
      1.93618852     -5.50435036
      1.99388083     -5.89030167
      2.05157313     -6.32347772
      2.10926544     -6.76911000
      2.16695775     -7.20274829
      2.22465006     -7.60179137
      2.28234237     -7.95363190
      2.34003467     -8.25848229
      2.39772698     -8.51474632
      2.45541929     -8.71561138
      2.51311160     -8.85949154
      2.57080390     -8.94837463
      2.62849621     -8.97910502

      0.00000000     -4.03645000
      0.06804138     -3.79146548
      0.13608276     -3.18035187
      0.20412415     -2.36077383
      0.27216553     -1.43013425
      0.34020691     -0.45262607
      0.40824829      0.58323031
      0.47628967      1.69298211
      0.54433105      2.66662221
      0.61237244      3.07091100
      0.67665487      2.85463081
      0.74093731      2.27825059
      0.80521974      1.50806744
      0.86950217      0.69608158
      0.93378461     -0.09182117
      0.99806704     -0.87636994
      1.06234948     -1.69021492
      1.12663191     -2.51625868
      1.19091435     -3.31571701
      1.25519678     -4.07648924
      1.31947922     -4.80482499
      1.38159222     -4.57697514
      1.44370522     -4.34148183
      1.50581822     -4.12669423
      1.56793121     -3.96869606
      1.63004421     -3.89197044
      1.69215721     -3.89712016
      1.75427021     -3.96904219
      1.81638321     -4.08369396
      1.87849621     -4.21628313
      1.93618852     -3.90466477
      1.99388083     -3.54103162
      2.05157313     -3.12292239
      2.10926544     -2.64412708
      2.16695775     -2.11100281
      2.22465006     -1.52410474
      2.28234237     -0.87202792
      2.34003467     -0.16185082
      2.39772698      0.58234910
      2.45541929      1.35949173
      2.51311160      2.15204946
      2.57080390      2.80816602
      2.62849621      3.07091100

      0.00000000      1.83718900
      0.06804138      1.86159465
      0.13608276      1.92772527
      0.20412415      2.03270100
      0.27216553      2.18622560
      0.34020691      2.38323152
      0.40824829      2.60093100
      0.47628967      2.81862784
      0.54433105      2.99849813
      0.61237244      3.07163900
      0.67665487      2.92870506
      0.74093731      2.56236234
      0.80521974      2.10184959
      0.86950217      1.65707419
      0.93378461      1.27598581
      0.99806704      0.95156885
      1.06234948      0.66653418
      1.12663191      0.42977467
      1.19091435      0.26074095
      1.25519678      0.16347527
      1.31947922      0.13203305
      1.38159222      0.04161197
      1.44370522     -0.20444871
      1.50581822     -0.53066956
      1.56793121     -0.85342246
      1.63004421     -1.11848059
      1.69215721     -1.30786038
      1.75427021     -1.42105916
      1.81638321     -1.45524798
      1.87849621     -1.40421249
      1.93618852     -1.51479430
      1.99388083     -1.45636282
      2.05157313     -1.25512316
      2.10926544     -0.95226117
      2.16695775     -0.57269031
      2.22465006     -0.12108349
      2.28234237      0.39591703
      2.34003467      0.96041678
      2.39772698      1.54934822
      2.45541929      2.12503400
      2.51311160      2.61933648
      2.57080390      2.95353237
      2.62849621      3.07163900

      0.00000000      1.83718900
      0.06804138      1.86159465
      0.13608276      1.92772527
      0.20412415      2.03270100
      0.27216553      2.18622560
      0.34020691      2.38323152
      0.40824829      2.60093100
      0.47628967      2.81862784
      0.54433105      2.99849813
      0.61237244      3.07163901
      0.67665487      2.92919120
      0.74093731      2.56284887
      0.80521974      2.10233512
      0.86950217      1.65755827
      0.93378461      1.27646824
      0.99806704      0.95204960
      1.06234948      0.66701335
      1.12663191      0.43025250
      1.19091435      0.26121776
      1.25519678      0.16395144
      1.31947922      0.13250900
      1.38159222      0.04861828
      1.44370522     -0.14856236
      1.50581822     -0.34531946
      1.56793121     -0.43637681
      1.63004421     -0.37076526
      1.69215721     -0.14718134
      1.75427021      0.18719716
      1.81638321      0.49331876
      1.87849621      0.56886754
      1.93618852      0.77870090
      1.99388083      1.02339506
      2.05157313      1.29829857
      2.10926544      1.59560959
      2.16695775      1.90327948
      2.22465006      2.20208407
      2.28234237      2.46562304
      2.34003467      2.67082259
      2.39772698      2.81399855
      2.45541929      2.91366586
      2.51311160      2.99128966
      2.57080390      3.04909365
      2.62849621      3.07163901

      0.00000000      5.27861900
      0.06804138      5.26631543
      0.13608276      5.35387383
      0.20412415      5.55497832
      0.27216553      5.70591418
      0.34020691      5.85965644
      0.40824829      6.09886290
      0.47628967      6.31726366
      0.54433105      6.40504459
      0.61237244      6.35480022
      0.67665487      6.27172533
      0.74093731      6.02631851
      0.80521974      5.66391373
      0.86950217      5.29281721
      0.93378461      4.97383904
      0.99806704      4.69010624
      1.06234948      4.45886081
      1.12663191      4.30618237
      1.19091435      4.24058303
      1.25519678      4.27915934
      1.31947922      4.35927437
      1.38159222      4.53341298
      1.44370522      4.98878162
      1.50581822      5.56626309
      1.56793121      6.26080974
      1.63004421      7.18015059
      1.69215721      6.93598813
      1.75427021      6.03878941
      1.81638321      5.26520673
      1.87849621      4.86801055
      1.93618852      5.12387302
      1.99388083      5.41442713
      2.05157313      5.74900494
      2.10926544      6.07133913
      2.16695775      6.32600215
      2.22465006      6.54093305
      2.28234237      6.72220067
      2.34003467      6.81873870
      2.39772698      6.81266542
      2.45541929      6.66287318
      2.51311160      6.49722153
      2.57080390      6.39011776
      2.62849621      6.35480022

      0.00000000      7.09683247
      0.06804138      7.10335302
      0.13608276      7.18509576
      0.20412415      7.31840609
      0.27216553      7.34492996
      0.34020691      7.23143486
      0.40824829      7.01477752
      0.47628967      6.71662777
      0.54433105      6.45441848
      0.61237244      6.35563149
      0.67665487      6.53609320
      0.74093731      7.02938031
      0.80521974      7.72282567
      0.86950217      7.97672156
      0.93378461      7.22510865
      0.99806704      6.44968450
      1.06234948      5.89795145
      1.12663191      5.34228478
      1.19091435      4.78042474
      1.25519678      4.46637207
      1.31947922      4.36256813
      1.38159222      4.60771380
      1.44370522      5.16556140
      1.50581822      5.83860168
      1.56793121      6.62261916
      1.63004421      7.47380595
      1.69215721      8.39449420
      1.75427021      9.53074257
      1.81638321      8.64512771
      1.87849621      7.86191717
      1.93618852      9.47087134
      1.99388083      9.95119908
      2.05157313      9.28094247
      2.10926544      8.73722021
      2.16695775      8.25910472
      2.22465006      7.78540598
      2.28234237      7.36575619
      2.34003467      7.06350539
      2.39772698      6.85035401
      2.45541929      6.71519733
      2.51311160      6.54338064
      2.57080390      6.40367419
      2.62849621      6.35563149

      0.00000000      7.09683553
      0.06804138      7.10335613
      0.13608276      7.18509902
      0.20412415      7.31840954
      0.27216553      7.34493360
      0.34020691      7.23143866
      0.40824829      7.01478144
      0.47628967      6.71663175
      0.54433105      6.45442733
      0.61237244      6.35640470
      0.67665487      6.53682285
      0.74093731      7.03014101
      0.80521974      7.72362511
      0.86950217      8.47969724
      0.93378461      9.22065425
      0.99806704      9.99725107
      1.06234948     10.83362681
      1.12663191     11.65576250
      1.19091435     12.52369047
      1.25519678     13.42083677
      1.31947922     13.84770649
      1.38159222     13.42240015
      1.44370522     12.33381379
      1.50581822     10.96040556
      1.56793121      9.53149659
      1.63004421      8.34040257
      1.69215721      8.95267149
      1.75427021      9.67076919
      1.81638321     10.71193007
      1.87849621     11.24817984
      1.93618852     10.65450392
      1.99388083     10.72644334
      2.05157313     10.32402394
      2.10926544      9.94500894
      2.16695775      9.09900708
      2.22465006      8.30295686
      2.28234237      7.76951488
      2.34003467      7.37902430
      2.39772698      7.06163797
      2.45541929      6.80187251
      2.51311160      6.62825733
      2.57080390      6.46959691
      2.62849621      6.35640470

      0.00000000     11.17788800
      0.06804138     11.22593888
      0.13608276     11.40289968
      0.20412415     11.52137605
      0.27216553     11.17498165
      0.34020691     10.35854575
      0.40824829      9.38683815
      0.47628967      8.35680366
      0.54433105      7.43503193
      0.61237244      7.10608658
      0.67665487      7.34379088
      0.74093731      7.85471319
      0.80521974      8.19772202
      0.86950217      8.48055048
      0.93378461      9.22153116
      0.99806704      9.99813698
      1.06234948     10.83450262
      1.12663191     11.65661413
      1.19091435     12.52451335
      1.25519678     13.42163689
      1.31947922     13.84849801
      1.38159222     13.49671087
      1.44370522     12.82500605
      1.50581822     12.31741725
      1.56793121     11.91949350
      1.63004421     11.33195222
      1.69215721     10.49419013
      1.75427021     10.27103836
      1.81638321     11.38355047
      1.87849621     11.94324736
      1.93618852     11.41361420
      1.99388083     10.83250893
      2.05157313     10.92929042
      2.10926544     10.14339007
      2.16695775      9.64518898
      2.22465006      9.45845350
      2.28234237      9.43877729
      2.34003467      9.45198767
      2.39772698      9.26152676
      2.45541929      8.74629061
      2.51311160      7.99185704
      2.57080390      7.33026484
      2.62849621      7.10608658
